

           p           t          cp           h           m          mw         gam         rho
   1.0000E-01  1.0000E+03  5.2033E-01  3.6520E+02  0.0000E+00  3.9948E+01  1.6667E+00  4.8046E-02
   1.0000E-01  2.0000E+03  5.2033E-01  8.8553E+02  0.0000E+00  3.9948E+01  1.6667E+00  2.4023E-02
   1.0000E-01  3.0000E+03  5.2033E-01  1.4059E+03  0.0000E+00  3.9948E+01  1.6667E+00  1.6015E-02
   1.0000E-01  4.0000E+03  5.2034E-01  1.9262E+03  0.0000E+00  3.9948E+01  1.6667E+00  1.2012E-02
   1.0000E-01  5.0000E+03  5.2036E-01  2.4465E+03  0.0000E+00  3.9948E+01  1.6666E+00  9.6092E-03
   1.0000E-01  6.0000E+03  5.2907E-01  2.9700E+03  0.0000E+00  3.9945E+01  1.6512E+00  8.0071E-03
   1.0000E-01  7.0000E+03  5.9126E-01  3.5222E+03  0.0000E+00  3.9915E+01  1.5631E+00  6.8581E-03
   1.0000E-01  8.0000E+03  8.5877E-01  4.2193E+03  0.0000E+00  3.9749E+01  1.3753E+00  5.9759E-03
   1.0000E-01  9.0000E+03  1.6597E+00  5.4154E+03  0.0000E+00  3.9138E+01  1.2257E+00  5.2302E-03
   1.0000E-01  1.0000E+04  3.4980E+00  7.8838E+03  0.0000E+00  3.7499E+01  1.1617E+00  4.5101E-03
   1.0000E-01  1.1000E+04  6.8383E+00  1.2922E+04  0.0000E+00  3.4221E+01  1.1419E+00  3.7416E-03
   1.0000E-01  1.2000E+04  1.0917E+01  2.1851E+04  0.0000E+00  2.9492E+01  1.1409E+00  2.9559E-03
   1.0000E-01  1.3000E+04  1.1856E+01  3.3695E+04  0.0000E+00  2.4933E+01  1.1514E+00  2.3067E-03
   1.0000E-01  1.4000E+04  8.0516E+00  4.3869E+04  0.0000E+00  2.2101E+01  1.1775E+00  1.8986E-03
   1.0000E-01  1.5000E+04  4.2650E+00  4.9869E+04  0.0000E+00  2.0833E+01  1.2325E+00  1.6704E-03
   1.0000E-01  1.6000E+04  2.3774E+00  5.3058E+04  0.0000E+00  2.0334E+01  1.3265E+00  1.5285E-03
   1.0000E-01  1.7000E+04  1.6076E+00  5.4992E+04  0.0000E+00  2.0136E+01  1.4392E+00  1.4245E-03
   1.0000E-01  1.8000E+04  1.3004E+00  5.6423E+04  0.0000E+00  2.0052E+01  1.5305E+00  1.3398E-03
   1.0000E-01  1.9000E+04  1.1754E+00  5.7652E+04  0.0000E+00  2.0015E+01  1.5838E+00  1.2669E-03
   1.0000E+00  1.0000E+03  5.2033E-01  3.6520E+02  0.0000E+00  3.9948E+01  1.6667E+00  4.8046E-01
   1.0000E+00  2.0000E+03  5.2033E-01  8.8553E+02  0.0000E+00  3.9948E+01  1.6667E+00  2.4023E-01
   1.0000E+00  3.0000E+03  5.2033E-01  1.4059E+03  0.0000E+00  3.9948E+01  1.6667E+00  1.6015E-01
   1.0000E+00  4.0000E+03  5.2034E-01  1.9262E+03  0.0000E+00  3.9948E+01  1.6667E+00  1.2012E-01
   1.0000E+00  5.0000E+03  5.2048E-01  2.4466E+03  0.0000E+00  3.9948E+01  1.6664E+00  9.6092E-02
   1.0000E+00  6.0000E+03  5.2309E-01  2.9679E+03  0.0000E+00  3.9947E+01  1.6617E+00  8.0075E-02
   1.0000E+00  7.0000E+03  5.4276E-01  3.4987E+03  0.0000E+00  3.9938E+01  1.6295E+00  6.8619E-02
   1.0000E+00  8.0000E+03  6.2696E-01  4.0746E+03  0.0000E+00  3.9885E+01  1.5271E+00  5.9963E-02
   1.0000E+00  9.0000E+03  8.8144E-01  4.8087E+03  0.0000E+00  3.9688E+01  1.3720E+00  5.3037E-02
   1.0000E+00  1.0000E+04  1.4692E+00  5.9479E+03  0.0000E+00  3.9138E+01  1.2531E+00  4.7072E-02
   1.0000E+00  1.1000E+04  2.5990E+00  7.9278E+03  0.0000E+00  3.7916E+01  1.1920E+00  4.1456E-02
   1.0000E+00  1.2000E+04  4.4561E+00  1.1391E+04  0.0000E+00  3.5698E+01  1.1666E+00  3.5779E-02
   1.0000E+00  1.3000E+04  6.9595E+00  1.7064E+04  0.0000E+00  3.2424E+01  1.1593E+00  2.9998E-02
   1.0000E+00  1.4000E+04  9.2153E+00  2.5241E+04  0.0000E+00  2.8589E+01  1.1621E+00  2.4560E-02
   1.0000E+00  1.5000E+04  9.5039E+00  3.4823E+04  0.0000E+00  2.5133E+01  1.1731E+00  2.0152E-02
   1.0000E+00  1.6000E+04  7.4502E+00  4.3435E+04  0.0000E+00  2.2741E+01  1.1945E+00  1.7094E-02
   1.0000E+00  1.7000E+04  4.8822E+00  4.9564E+04  0.0000E+00  2.1391E+01  1.2320E+00  1.5134E-02
   1.0000E+00  1.8000E+04  3.0987E+00  5.3477E+04  0.0000E+00  2.0705E+01  1.2905E+00  1.3835E-02
   1.0000E+00  1.9000E+04  2.1205E+00  5.6033E+04  0.0000E+00  2.0365E+01  1.3663E+00  1.2891E-02
   2.0000E+00  1.0000E+03  5.2033E-01  3.6520E+02  0.0000E+00  3.9948E+01  1.6667E+00  9.6092E-01
   2.0000E+00  2.0000E+03  5.2033E-01  8.8553E+02  0.0000E+00  3.9948E+01  1.6667E+00  4.8046E-01
   2.0000E+00  3.0000E+03  5.2033E-01  1.4059E+03  0.0000E+00  3.9948E+01  1.6667E+00  3.2031E-01
   2.0000E+00  4.0000E+03  5.2033E-01  1.9262E+03  0.0000E+00  3.9948E+01  1.6667E+00  2.4023E-01
   2.0000E+00  5.0000E+03  5.2044E-01  2.4466E+03  0.0000E+00  3.9948E+01  1.6665E+00  1.9218E-01
   2.0000E+00  6.0000E+03  5.2229E-01  2.9676E+03  0.0000E+00  3.9947E+01  1.6631E+00  1.6015E-01
   2.0000E+00  7.0000E+03  5.3619E-01  3.4955E+03  0.0000E+00  3.9941E+01  1.6399E+00  1.3725E-01
   2.0000E+00  8.0000E+03  5.9556E-01  4.0550E+03  0.0000E+00  3.9903E+01  1.5608E+00  1.1998E-01
   2.0000E+00  9.0000E+03  7.7594E-01  4.7265E+03  0.0000E+00  3.9764E+01  1.4211E+00  1.0628E-01
   2.0000E+00  1.0000E+04  1.1922E+00  5.6850E+03  0.0000E+00  3.9372E+01  1.2939E+00  9.4706E-02
   2.0000E+00  1.1000E+04  1.9948E+00  7.2396E+03  0.0000E+00  3.8488E+01  1.2182E+00  8.4164E-02
   2.0000E+00  1.2000E+04  3.3361E+00  9.8552E+03  0.0000E+00  3.6836E+01  1.1821E+00  7.3839E-02
   2.0000E+00  1.3000E+04  5.2682E+00  1.4113E+04  0.0000E+00  3.4251E+01  1.1681E+00  6.3376E-02
   2.0000E+00  1.4000E+04  7.4741E+00  2.0492E+04  0.0000E+00  3.0902E+01  1.1660E+00  5.3094E-02
   2.0000E+00  1.5000E+04  8.9419E+00  2.8819E+04  0.0000E+00  2.7389E+01  1.1717E+00  4.3921E-02
   2.0000E+00  1.6000E+04  8.5255E+00  3.7727E+04  0.0000E+00  2.4458E+01  1.1851E+00  3.6771E-02
   2.0000E+00  1.7000E+04  6.5422E+00  4.5332E+04  0.0000E+00  2.2484E+01  1.2088E+00  3.1814E-02
   2.0000E+00  1.8000E+04  4.4294E+00  5.0780E+04  0.0000E+00  2.1341E+01  1.2470E+00  2.8519E-02
   2.0000E+00  1.9000E+04  2.9635E+00  5.4416E+04  0.0000E+00  2.0728E+01  1.3025E+00  2.6242E-02
   3.0000E+00  1.0000E+03  5.2033E-01  3.6520E+02  0.0000E+00  3.9948E+01  1.6667E+00  1.4414E+00
   3.0000E+00  2.0000E+03  5.2033E-01  8.8553E+02  0.0000E+00  3.9948E+01  1.6667E+00  7.2069E-01
   3.0000E+00  3.0000E+03  5.2033E-01  1.4059E+03  0.0000E+00  3.9948E+01  1.6667E+00  4.8046E-01
   3.0000E+00  4.0000E+03  5.2033E-01  1.9262E+03  0.0000E+00  3.9948E+01  1.6667E+00  3.6035E-01
   3.0000E+00  5.0000E+03  5.2042E-01  2.4466E+03  0.0000E+00  3.9948E+01  1.6665E+00  2.8828E-01
   3.0000E+00  6.0000E+03  5.2193E-01  2.9674E+03  0.0000E+00  3.9947E+01  1.6638E+00  2.4023E-01
   3.0000E+00  7.0000E+03  5.3327E-01  3.4941E+03  0.0000E+00  3.9942E+01  1.6446E+00  2.0588E-01
   3.0000E+00  8.0000E+03  5.8165E-01  4.0463E+03  0.0000E+00  3.9912E+01  1.5774E+00  1.8001E-01
   3.0000E+00  9.0000E+03  7.2919E-01  4.6901E+03  0.0000E+00  3.9798E+01  1.4490E+00  1.5955E-01
   3.0000E+00  1.0000E+04  1.0695E+00  5.5685E+03  0.0000E+00  3.9476E+01  1.3201E+00  1.4244E-01
   3.0000E+00  1.1000E+04  1.7261E+00  6.9343E+03  0.0000E+00  3.8748E+01  1.2364E+00  1.2710E-01
   3.0000E+00  1.2000E+04  2.8296E+00  9.1702E+03  0.0000E+00  3.7367E+01  1.1935E+00  1.1236E-01
   3.0000E+00  1.3000E+04  4.4549E+00  1.2770E+04  0.0000E+00  3.5152E+01  1.1749E+00  9.7565E-02
   3.0000E+00  1.4000E+04  6.4545E+00  1.8211E+04  0.0000E+00  3.2151E+01  1.1696E+00  8.2861E-02
   3.0000E+00  1.5000E+04  8.1840E+00  2.5595E+04  0.0000E+00  2.8775E+01  1.1726E+00  6.9217E-02
   3.0000E+00  1.6000E+04  8.5921E+00  3.4130E+04  0.0000E+00  2.5681E+01  1.1825E+00  5.7913E-02
   3.0000E+00  1.7000E+04  7.3196E+00  4.2201E+04  0.0000E+00  2.3367E+01  1.2007E+00  4.9596E-02
   3.0000E+00  1.8000E+04  5.3234E+00  4.8529E+04  0.0000E+00  2.1903E+01  1.2302E+00  4.3905E-02
   3.0000E+00  1.9000E+04  3.6394E+00  5.2962E+04  0.0000E+00  2.1065E+01  1.2742E+00  4.0004E-02
   4.0000E+00  1.0000E+03  5.2033E-01  3.6520E+02  0.0000E+00  3.9948E+01  1.6667E+00  1.9218E+00
   4.0000E+00  2.0000E+03  5.2033E-01  8.8553E+02  0.0000E+00  3.9948E+01  1.6667E+00  9.6092E-01
   4.0000E+00  3.0000E+03  5.2033E-01  1.4059E+03  0.0000E+00  3.9948E+01  1.6667E+00  6.4062E-01
   4.0000E+00  4.0000E+03  5.2033E-01  1.9262E+03  0.0000E+00  3.9948E+01  1.6667E+00  4.8046E-01
   4.0000E+00  5.0000E+03  5.2041E-01  2.4465E+03  0.0000E+00  3.9948E+01  1.6665E+00  3.8437E-01
   4.0000E+00  6.0000E+03  5.2171E-01  2.9674E+03  0.0000E+00  3.9948E+01  1.6642E+00  3.2030E-01
   4.0000E+00  7.0000E+03  5.3154E-01  3.4933E+03  0.0000E+00  3.9943E+01  1.6475E+00  2.7451E-01
   4.0000E+00  8.0000E+03  5.7336E-01  4.0411E+03  0.0000E+00  3.9916E+01  1.5879E+00  2.4004E-01
   4.0000E+00  9.0000E+03  7.0133E-01  4.6684E+03  0.0000E+00  3.9818E+01  1.4679E+00  2.1284E-01
   4.0000E+00  1.0000E+04  9.9628E-01  5.4991E+03  0.0000E+00  3.9539E+01  1.3394E+00  1.9022E-01
   4.0000E+00  1.1000E+04  1.5656E+00  6.7523E+03  0.0000E+00  3.8904E+01  1.2506E+00  1.7015E-01
   4.0000E+00  1.2000E+04  2.5253E+00  8.7607E+03  0.0000E+00  3.7692E+01  1.2026E+00  1.5111E-01
   4.0000E+00  1.3000E+04  3.9547E+00  1.1961E+04  0.0000E+00  3.5718E+01  1.1805E+00  1.3218E-01
   4.0000E+00  1.4000E+04  5.7793E+00  1.6806E+04  0.0000E+00  3.2972E+01  1.1729E+00  1.1330E-01
   4.0000E+00  1.5000E+04  7.5527E+00  2.3509E+04  0.0000E+00  2.9750E+01  1.1739E+00  9.5417E-02
   4.0000E+00  1.6000E+04  8.3930E+00  3.1598E+04  0.0000E+00  2.6617E+01  1.1817E+00  8.0032E-02
   4.0000E+00  1.7000E+04  7.6828E+00  3.9762E+04  0.0000E+00  2.4105E+01  1.1967E+00  6.8215E-02
   4.0000E+00  1.8000E+04  5.9376E+00  4.6613E+04  0.0000E+00  2.2405E+01  1.2212E+00  5.9881E-02
   4.0000E+00  1.9000E+04  4.1866E+00  5.1643E+04  0.0000E+00  2.1381E+01  1.2582E+00  5.4137E-02
   5.0000E+00  1.0000E+03  5.2033E-01  3.6520E+02  0.0000E+00  3.9948E+01  1.6667E+00  2.4023E+00
   5.0000E+00  2.0000E+03  5.2033E-01  8.8553E+02  0.0000E+00  3.9948E+01  1.6667E+00  1.2012E+00
   5.0000E+00  3.0000E+03  5.2033E-01  1.4059E+03  0.0000E+00  3.9948E+01  1.6667E+00  8.0077E-01
   5.0000E+00  4.0000E+03  5.2033E-01  1.9262E+03  0.0000E+00  3.9948E+01  1.6667E+00  6.0058E-01
   5.0000E+00  5.0000E+03  5.2040E-01  2.4465E+03  0.0000E+00  3.9948E+01  1.6665E+00  4.8046E-01
   5.0000E+00  6.0000E+03  5.2157E-01  2.9673E+03  0.0000E+00  3.9948E+01  1.6644E+00  4.0038E-01
   5.0000E+00  7.0000E+03  5.3036E-01  3.4927E+03  0.0000E+00  3.9943E+01  1.6495E+00  3.4315E-01
   5.0000E+00  8.0000E+03  5.6770E-01  4.0376E+03  0.0000E+00  3.9920E+01  1.5953E+00  3.0008E-01
   5.0000E+00  9.0000E+03  6.8231E-01  4.6535E+03  0.0000E+00  3.9831E+01  1.4820E+00  2.6614E-01
   5.0000E+00  1.0000E+04  9.4633E-01  5.4517E+03  0.0000E+00  3.9582E+01  1.3547E+00  2.3803E-01
   5.0000E+00  1.1000E+04  1.4560E+00  6.6280E+03  0.0000E+00  3.9012E+01  1.2623E+00  2.1327E-01
   5.0000E+00  1.2000E+04  2.3167E+00  8.4809E+03  0.0000E+00  3.7918E+01  1.2104E+00  1.9002E-01
   5.0000E+00  1.3000E+04  3.6075E+00  1.1406E+04  0.0000E+00  3.6117E+01  1.1854E+00  1.6707E-01
   5.0000E+00  1.4000E+04  5.2920E+00  1.5830E+04  0.0000E+00  3.3567E+01  1.1758E+00  1.4418E-01
   5.0000E+00  1.5000E+04  7.0421E+00  2.2017E+04  0.0000E+00  3.0489E+01  1.1753E+00  1.2223E-01
   5.0000E+00  1.6000E+04  8.1228E+00  2.9692E+04  0.0000E+00  2.7368E+01  1.1815E+00  1.0286E-01
   5.0000E+00  1.7000E+04  7.8331E+00  3.7794E+04  0.0000E+00  2.4735E+01  1.1944E+00  8.7498E-02
   5.0000E+00  1.8000E+04  6.3654E+00  4.4956E+04  0.0000E+00  2.2858E+01  1.2157E+00  7.6365E-02
   5.0000E+00  1.9000E+04  4.6329E+00  5.0441E+04  0.0000E+00  2.1677E+01  1.2480E+00  6.8608E-02
   6.0000E+00  1.0000E+03  5.2033E-01  3.6520E+02  0.0000E+00  3.9948E+01  1.6667E+00  2.8828E+00
   6.0000E+00  2.0000E+03  5.2033E-01  8.8553E+02  0.0000E+00  3.9948E+01  1.6667E+00  1.4414E+00
   6.0000E+00  3.0000E+03  5.2033E-01  1.4059E+03  0.0000E+00  3.9948E+01  1.6667E+00  9.6092E-01
   6.0000E+00  4.0000E+03  5.2033E-01  1.9262E+03  0.0000E+00  3.9948E+01  1.6667E+00  7.2069E-01
   6.0000E+00  5.0000E+03  5.2039E-01  2.4465E+03  0.0000E+00  3.9948E+01  1.6666E+00  5.7655E-01
   6.0000E+00  6.0000E+03  5.2146E-01  2.9673E+03  0.0000E+00  3.9948E+01  1.6646E+00  4.8046E-01
   6.0000E+00  7.0000E+03  5.2948E-01  3.4923E+03  0.0000E+00  3.9944E+01  1.6509E+00  4.1178E-01
   6.0000E+00  8.0000E+03  5.6352E-01  4.0350E+03  0.0000E+00  3.9922E+01  1.6009E+00  3.6011E-01
   6.0000E+00  9.0000E+03  6.6828E-01  4.6426E+03  0.0000E+00  3.9842E+01  1.4932E+00  3.1945E-01
   6.0000E+00  1.0000E+04  9.0945E-01  5.4167E+03  0.0000E+00  3.9613E+01  1.3674E+00  2.8586E-01
   6.0000E+00  1.1000E+04  1.3750E+00  6.5362E+03  0.0000E+00  3.9092E+01  1.2724E+00  2.5645E-01
   6.0000E+00  1.2000E+04  2.1624E+00  8.2742E+03  0.0000E+00  3.8086E+01  1.2172E+00  2.2903E-01
   6.0000E+00  1.3000E+04  3.3486E+00  1.0995E+04  0.0000E+00  3.6418E+01  1.1898E+00  2.0216E-01
   6.0000E+00  1.4000E+04  4.9194E+00  1.5102E+04  0.0000E+00  3.4025E+01  1.1784E+00  1.7538E-01
   6.0000E+00  1.5000E+04  6.6239E+00  2.0883E+04  0.0000E+00  3.1075E+01  1.1766E+00  1.4950E-01
   6.0000E+00  1.6000E+04  7.8432E+00  2.8190E+04  0.0000E+00  2.7991E+01  1.1816E+00  1.2624E-01
   6.0000E+00  1.7000E+04  7.8673E+00  3.6162E+04  0.0000E+00  2.5283E+01  1.1930E+00  1.0732E-01
   6.0000E+00  1.8000E+04  6.6648E+00  4.3505E+04  0.0000E+00  2.3270E+01  1.2120E+00  9.3289E-02
   6.0000E+00  1.9000E+04  4.9993E+00  4.9339E+04  0.0000E+00  2.1956E+01  1.2408E+00  8.3388E-02
   7.0000E+00  1.0000E+03  5.2033E-01  3.6520E+02  0.0000E+00  3.9948E+01  1.6667E+00  3.3632E+00
   7.0000E+00  2.0000E+03  5.2033E-01  8.8553E+02  0.0000E+00  3.9948E+01  1.6667E+00  1.6816E+00
   7.0000E+00  3.0000E+03  5.2033E-01  1.4059E+03  0.0000E+00  3.9948E+01  1.6667E+00  1.1211E+00
   7.0000E+00  4.0000E+03  5.2033E-01  1.9262E+03  0.0000E+00  3.9948E+01  1.6667E+00  8.4081E-01
   7.0000E+00  5.0000E+03  5.2039E-01  2.4465E+03  0.0000E+00  3.9948E+01  1.6666E+00  6.7265E-01
   7.0000E+00  6.0000E+03  5.2138E-01  2.9672E+03  0.0000E+00  3.9948E+01  1.6648E+00  5.6053E-01
   7.0000E+00  7.0000E+03  5.2880E-01  3.4919E+03  0.0000E+00  3.9944E+01  1.6521E+00  4.8041E-01
   7.0000E+00  8.0000E+03  5.6028E-01  4.0329E+03  0.0000E+00  3.9924E+01  1.6053E+00  4.2015E-01
   7.0000E+00  9.0000E+03  6.5737E-01  4.6341E+03  0.0000E+00  3.9849E+01  1.5023E+00  3.7277E-01
   7.0000E+00  1.0000E+04  8.8078E-01  5.3895E+03  0.0000E+00  3.9638E+01  1.3781E+00  3.3371E-01
   7.0000E+00  1.1000E+04  1.3121E+00  6.4649E+03  0.0000E+00  3.9154E+01  1.2812E+00  2.9967E-01
   7.0000E+00  1.2000E+04  2.0422E+00  8.1135E+03  0.0000E+00  3.8218E+01  1.2233E+00  2.6813E-01
   7.0000E+00  1.3000E+04  3.1458E+00  1.0674E+04  0.0000E+00  3.6656E+01  1.1937E+00  2.3739E-01
   7.0000E+00  1.4000E+04  4.6228E+00  1.4532E+04  0.0000E+00  3.4393E+01  1.1809E+00  2.0683E-01
   7.0000E+00  1.5000E+04  6.2752E+00  1.9983E+04  0.0000E+00  3.1557E+01  1.1780E+00  1.7712E-01
   7.0000E+00  1.6000E+04  7.5753E+00  2.6967E+04  0.0000E+00  2.8519E+01  1.1819E+00  1.5006E-01
   7.0000E+00  1.7000E+04  7.8358E+00  3.4781E+04  0.0000E+00  2.5766E+01  1.1921E+00  1.2760E-01
   7.0000E+00  1.8000E+04  6.8739E+00  4.2221E+04  0.0000E+00  2.3647E+01  1.2093E+00  1.1060E-01
   7.0000E+00  1.9000E+04  5.3015E+00  4.8324E+04  0.0000E+00  2.2219E+01  1.2355E+00  9.8453E-02
   8.0000E+00  1.0000E+03  5.2033E-01  3.6520E+02  0.0000E+00  3.9948E+01  1.6667E+00  3.8437E+00
   8.0000E+00  2.0000E+03  5.2033E-01  8.8553E+02  0.0000E+00  3.9948E+01  1.6667E+00  1.9218E+00
   8.0000E+00  3.0000E+03  5.2033E-01  1.4059E+03  0.0000E+00  3.9948E+01  1.6667E+00  1.2812E+00
   8.0000E+00  4.0000E+03  5.2033E-01  1.9262E+03  0.0000E+00  3.9948E+01  1.6667E+00  9.6092E-01
   8.0000E+00  5.0000E+03  5.2038E-01  2.4465E+03  0.0000E+00  3.9948E+01  1.6666E+00  7.6874E-01
   8.0000E+00  6.0000E+03  5.2131E-01  2.9672E+03  0.0000E+00  3.9948E+01  1.6649E+00  6.4061E-01
   8.0000E+00  7.0000E+03  5.2825E-01  3.4917E+03  0.0000E+00  3.9944E+01  1.6530E+00  5.4905E-01
   8.0000E+00  8.0000E+03  5.5766E-01  4.0313E+03  0.0000E+00  3.9926E+01  1.6090E+00  4.8019E-01
   8.0000E+00  9.0000E+03  6.4857E-01  4.6273E+03  0.0000E+00  3.9856E+01  1.5099E+00  4.2609E-01
   8.0000E+00  1.0000E+04  8.5768E-01  5.3676E+03  0.0000E+00  3.9658E+01  1.3874E+00  3.8158E-01
   8.0000E+00  1.1000E+04  1.2614E+00  6.4074E+03  0.0000E+00  3.9204E+01  1.2890E+00  3.4292E-01
   8.0000E+00  1.2000E+04  1.9452E+00  7.9838E+03  0.0000E+00  3.8325E+01  1.2288E+00  3.0729E-01
   8.0000E+00  1.3000E+04  2.9815E+00  1.0416E+04  0.0000E+00  3.6851E+01  1.1973E+00  2.7275E-01
   8.0000E+00  1.4000E+04  4.3796E+00  1.4069E+04  0.0000E+00  3.4698E+01  1.1831E+00  2.3847E-01
   8.0000E+00  1.5000E+04  5.9795E+00  1.9246E+04  0.0000E+00  3.1963E+01  1.1793E+00  2.0502E-01
   8.0000E+00  1.6000E+04  7.3257E+00  2.5947E+04  0.0000E+00  2.8975E+01  1.1823E+00  1.7425E-01
   8.0000E+00  1.7000E+04  7.7666E+00  3.3591E+04  0.0000E+00  2.6198E+01  1.1915E+00  1.4827E-01
   8.0000E+00  1.8000E+04  7.0178E+00  4.1073E+04  0.0000E+00  2.3994E+01  1.2073E+00  1.2826E-01
   8.0000E+00  1.9000E+04  5.5519E+00  4.7385E+04  0.0000E+00  2.2468E+01  1.2315E+00  1.1378E-01
   9.0000E+00  1.0000E+03  5.2033E-01  3.6520E+02  0.0000E+00  3.9948E+01  1.6667E+00  4.3242E+00
   9.0000E+00  2.0000E+03  5.2033E-01  8.8553E+02  0.0000E+00  3.9948E+01  1.6667E+00  2.1621E+00
   9.0000E+00  3.0000E+03  5.2033E-01  1.4059E+03  0.0000E+00  3.9948E+01  1.6667E+00  1.4414E+00
   9.0000E+00  4.0000E+03  5.2033E-01  1.9262E+03  0.0000E+00  3.9948E+01  1.6667E+00  1.0810E+00
   9.0000E+00  5.0000E+03  5.2038E-01  2.4465E+03  0.0000E+00  3.9948E+01  1.6666E+00  8.6483E-01
   9.0000E+00  6.0000E+03  5.2125E-01  2.9672E+03  0.0000E+00  3.9948E+01  1.6650E+00  7.2069E-01
   9.0000E+00  7.0000E+03  5.2780E-01  3.4914E+03  0.0000E+00  3.9945E+01  1.6537E+00  6.1768E-01
   9.0000E+00  8.0000E+03  5.5549E-01  4.0299E+03  0.0000E+00  3.9927E+01  1.6120E+00  5.4023E-01
   9.0000E+00  9.0000E+03  6.4129E-01  4.6216E+03  0.0000E+00  3.9861E+01  1.5165E+00  4.7942E-01
   9.0000E+00  1.0000E+04  8.3854E-01  5.3494E+03  0.0000E+00  3.9674E+01  1.3956E+00  4.2945E-01
   9.0000E+00  1.1000E+04  1.2193E+00  6.3597E+03  0.0000E+00  3.9246E+01  1.2961E+00  3.8620E-01
   9.0000E+00  1.2000E+04  1.8647E+00  7.8764E+03  0.0000E+00  3.8414E+01  1.2339E+00  3.4651E-01
   9.0000E+00  1.3000E+04  2.8449E+00  1.0201E+04  0.0000E+00  3.7014E+01  1.2007E+00  3.0820E-01
   9.0000E+00  1.4000E+04  4.1753E+00  1.3685E+04  0.0000E+00  3.4955E+01  1.1853E+00  2.7026E-01
   9.0000E+00  1.5000E+04  5.7249E+00  1.8628E+04  0.0000E+00  3.2311E+01  1.1805E+00  2.3317E-01
   9.0000E+00  1.6000E+04  7.0958E+00  2.5078E+04  0.0000E+00  2.9376E+01  1.1828E+00  1.9873E-01
   9.0000E+00  1.7000E+04  7.6760E+00  3.2553E+04  0.0000E+00  2.6586E+01  1.1911E+00  1.6928E-01
   9.0000E+00  1.8000E+04  7.1140E+00  4.0040E+04  0.0000E+00  2.4316E+01  1.2058E+00  1.4623E-01
   9.0000E+00  1.9000E+04  5.7599E+00  4.6513E+04  0.0000E+00  2.2704E+01  1.2283E+00  1.2935E-01
   1.0000E+01  1.0000E+03  5.2033E-01  3.6520E+02  0.0000E+00  3.9948E+01  1.6667E+00  4.8046E+00
   1.0000E+01  2.0000E+03  5.2033E-01  8.8553E+02  0.0000E+00  3.9948E+01  1.6667E+00  2.4023E+00
   1.0000E+01  3.0000E+03  5.2033E-01  1.4059E+03  0.0000E+00  3.9948E+01  1.6667E+00  1.6015E+00
   1.0000E+01  4.0000E+03  5.2033E-01  1.9262E+03  0.0000E+00  3.9948E+01  1.6667E+00  1.2012E+00
   1.0000E+01  5.0000E+03  5.2038E-01  2.4465E+03  0.0000E+00  3.9948E+01  1.6666E+00  9.6092E-01
   1.0000E+01  6.0000E+03  5.2121E-01  2.9672E+03  0.0000E+00  3.9948E+01  1.6651E+00  8.0076E-01
   1.0000E+01  7.0000E+03  5.2742E-01  3.4913E+03  0.0000E+00  3.9945E+01  1.6544E+00  6.8632E-01
   1.0000E+01  8.0000E+03  5.5366E-01  4.0288E+03  0.0000E+00  3.9928E+01  1.6146E+00  6.0028E-01
   1.0000E+01  9.0000E+03  6.3513E-01  4.6168E+03  0.0000E+00  3.9865E+01  1.5222E+00  5.3274E-01
   1.0000E+01  1.0000E+04  8.2234E-01  5.3341E+03  0.0000E+00  3.9688E+01  1.4029E+00  4.7734E-01
   1.0000E+01  1.1000E+04  1.1837E+00  6.3194E+03  0.0000E+00  3.9281E+01  1.3025E+00  4.2949E-01
   1.0000E+01  1.2000E+04  1.7966E+00  7.7855E+03  0.0000E+00  3.8490E+01  1.2385E+00  3.8577E-01
   1.0000E+01  1.3000E+04  2.7290E+00  1.0020E+04  0.0000E+00  3.7153E+01  1.2038E+00  3.4373E-01
   1.0000E+01  1.4000E+04  4.0008E+00  1.3358E+04  0.0000E+00  3.5176E+01  1.1873E+00  3.0219E-01
   1.0000E+01  1.5000E+04  5.5029E+00  1.8101E+04  0.0000E+00  3.2614E+01  1.1817E+00  2.6151E-01
   1.0000E+01  1.6000E+04  6.8846E+00  2.4327E+04  0.0000E+00  2.9731E+01  1.1833E+00  2.2348E-01
   1.0000E+01  1.7000E+04  7.5734E+00  3.1637E+04  0.0000E+00  2.6938E+01  1.1908E+00  1.9058E-01
   1.0000E+01  1.8000E+04  7.1748E+00  3.9103E+04  0.0000E+00  2.4616E+01  1.2045E+00  1.6448E-01
   1.0000E+01  1.9000E+04  5.9329E+00  4.5701E+04  0.0000E+00  2.2929E+01  1.2257E+00  1.4514E-01
   1.1000E+01  1.0000E+03  5.2033E-01  3.6520E+02  0.0000E+00  3.9948E+01  1.6667E+00  5.2851E+00
   1.1000E+01  2.0000E+03  5.2033E-01  8.8553E+02  0.0000E+00  3.9948E+01  1.6667E+00  2.6425E+00
   1.1000E+01  3.0000E+03  5.2033E-01  1.4059E+03  0.0000E+00  3.9948E+01  1.6667E+00  1.7617E+00
   1.1000E+01  4.0000E+03  5.2033E-01  1.9262E+03  0.0000E+00  3.9948E+01  1.6667E+00  1.3213E+00
   1.1000E+01  5.0000E+03  5.2038E-01  2.4465E+03  0.0000E+00  3.9948E+01  1.6666E+00  1.0570E+00
   1.1000E+01  6.0000E+03  5.2117E-01  2.9672E+03  0.0000E+00  3.9948E+01  1.6652E+00  8.8084E-01
   1.1000E+01  7.0000E+03  5.2709E-01  3.4911E+03  0.0000E+00  3.9945E+01  1.6550E+00  7.5495E-01
   1.1000E+01  8.0000E+03  5.5208E-01  4.0278E+03  0.0000E+00  3.9929E+01  1.6169E+00  6.6032E-01
   1.1000E+01  9.0000E+03  6.2983E-01  4.6127E+03  0.0000E+00  3.9869E+01  1.5272E+00  5.8607E-01
   1.1000E+01  1.0000E+04  8.0841E-01  5.3209E+03  0.0000E+00  3.9700E+01  1.4095E+00  5.2523E-01
   1.1000E+01  1.1000E+04  1.1531E+00  6.2848E+03  0.0000E+00  3.9312E+01  1.3084E+00  4.7281E-01
   1.1000E+01  1.2000E+04  1.7380E+00  7.7073E+03  0.0000E+00  3.8555E+01  1.2429E+00  4.2507E-01
   1.1000E+01  1.3000E+04  2.6290E+00  9.8632E+03  0.0000E+00  3.7274E+01  1.2067E+00  3.7933E-01
   1.1000E+01  1.4000E+04  3.8493E+00  1.3076E+04  0.0000E+00  3.5369E+01  1.1892E+00  3.3424E-01
   1.1000E+01  1.5000E+04  5.3071E+00  1.7644E+04  0.0000E+00  3.2882E+01  1.1828E+00  2.9002E-01
   1.1000E+01  1.6000E+04  6.6906E+00  2.3669E+04  0.0000E+00  3.0049E+01  1.1838E+00  2.4846E-01
   1.1000E+01  1.7000E+04  7.4650E+00  3.0821E+04  0.0000E+00  2.7260E+01  1.1907E+00  2.1215E-01
   1.1000E+01  1.8000E+04  7.2090E+00  3.8248E+04  0.0000E+00  2.4895E+01  1.2036E+00  1.8298E-01
   1.1000E+01  1.9000E+04  6.0770E+00  4.4941E+04  0.0000E+00  2.3143E+01  1.2235E+00  1.6115E-01
   1.2000E+01  1.0000E+03  5.2033E-01  3.6520E+02  0.0000E+00  3.9948E+01  1.6667E+00  5.7655E+00
   1.2000E+01  2.0000E+03  5.2033E-01  8.8553E+02  0.0000E+00  3.9948E+01  1.6667E+00  2.8828E+00
   1.2000E+01  3.0000E+03  5.2033E-01  1.4059E+03  0.0000E+00  3.9948E+01  1.6667E+00  1.9218E+00
   1.2000E+01  4.0000E+03  5.2033E-01  1.9262E+03  0.0000E+00  3.9948E+01  1.6667E+00  1.4414E+00
   1.2000E+01  5.0000E+03  5.2038E-01  2.4465E+03  0.0000E+00  3.9948E+01  1.6666E+00  1.1531E+00
   1.2000E+01  6.0000E+03  5.2113E-01  2.9672E+03  0.0000E+00  3.9948E+01  1.6652E+00  9.6092E-01
   1.2000E+01  7.0000E+03  5.2680E-01  3.4910E+03  0.0000E+00  3.9945E+01  1.6554E+00  8.2359E-01
   1.2000E+01  8.0000E+03  5.5070E-01  4.0269E+03  0.0000E+00  3.9930E+01  1.6189E+00  7.2036E-01
   1.2000E+01  9.0000E+03  6.2520E-01  4.6091E+03  0.0000E+00  3.9873E+01  1.5317E+00  6.3941E-01
   1.2000E+01  1.0000E+04  7.9626E-01  5.3093E+03  0.0000E+00  3.9711E+01  1.4155E+00  5.7313E-01
   1.2000E+01  1.1000E+04  1.1264E+00  6.2545E+03  0.0000E+00  3.9338E+01  1.3139E+00  5.1614E-01
   1.2000E+01  1.2000E+04  1.6868E+00  7.6390E+03  0.0000E+00  3.8612E+01  1.2469E+00  4.6440E-01
   1.2000E+01  1.3000E+04  2.5415E+00  9.7267E+03  0.0000E+00  3.7380E+01  1.2095E+00  4.1499E-01
   1.2000E+01  1.4000E+04  3.7163E+00  1.2830E+04  0.0000E+00  3.5540E+01  1.1909E+00  3.6638E-01
   1.2000E+01  1.5000E+04  5.1330E+00  1.7242E+04  0.0000E+00  3.3121E+01  1.1839E+00  3.1868E-01
   1.2000E+01  1.6000E+04  6.5122E+00  2.3086E+04  0.0000E+00  3.0336E+01  1.1843E+00  2.7364E-01
   1.2000E+01  1.7000E+04  7.3544E+00  3.0087E+04  0.0000E+00  2.7556E+01  1.1906E+00  2.3394E-01
   1.2000E+01  1.8000E+04  7.2231E+00  3.7464E+04  0.0000E+00  2.5157E+01  1.2028E+00  2.0172E-01
   1.2000E+01  1.9000E+04  6.1969E+00  4.4229E+04  0.0000E+00  2.3348E+01  1.2217E+00  1.7735E-01
   1.3000E+01  1.0000E+03  5.2033E-01  3.6520E+02  0.0000E+00  3.9948E+01  1.6667E+00  6.2460E+00
   1.3000E+01  2.0000E+03  5.2033E-01  8.8553E+02  0.0000E+00  3.9948E+01  1.6667E+00  3.1230E+00
   1.3000E+01  3.0000E+03  5.2033E-01  1.4059E+03  0.0000E+00  3.9948E+01  1.6667E+00  2.0820E+00
   1.3000E+01  4.0000E+03  5.2033E-01  1.9262E+03  0.0000E+00  3.9948E+01  1.6667E+00  1.5615E+00
   1.3000E+01  5.0000E+03  5.2037E-01  2.4465E+03  0.0000E+00  3.9948E+01  1.6666E+00  1.2492E+00
   1.3000E+01  6.0000E+03  5.2110E-01  2.9671E+03  0.0000E+00  3.9948E+01  1.6653E+00  1.0410E+00
   1.3000E+01  7.0000E+03  5.2655E-01  3.4908E+03  0.0000E+00  3.9945E+01  1.6559E+00  8.9222E-01
   1.3000E+01  8.0000E+03  5.4949E-01  4.0262E+03  0.0000E+00  3.9930E+01  1.6206E+00  7.8041E-01
   1.3000E+01  9.0000E+03  6.2112E-01  4.6059E+03  0.0000E+00  3.9876E+01  1.5358E+00  6.9274E-01
   1.3000E+01  1.0000E+04  7.8554E-01  5.2992E+03  0.0000E+00  3.9720E+01  1.4210E+00  6.2103E-01
   1.3000E+01  1.1000E+04  1.1029E+00  6.2278E+03  0.0000E+00  3.9362E+01  1.3190E+00  5.5949E-01
   1.3000E+01  1.2000E+04  1.6417E+00  7.5788E+03  0.0000E+00  3.8663E+01  1.2508E+00  5.0376E-01
   1.3000E+01  1.3000E+04  2.4643E+00  9.6061E+03  0.0000E+00  3.7474E+01  1.2121E+00  4.5071E-01
   1.3000E+01  1.4000E+04  3.5982E+00  1.2612E+04  0.0000E+00  3.5692E+01  1.1927E+00  3.9862E-01
   1.3000E+01  1.5000E+04  4.9767E+00  1.6886E+04  0.0000E+00  3.3335E+01  1.1849E+00  3.4747E-01
   1.3000E+01  1.6000E+04  6.3476E+00  2.2566E+04  0.0000E+00  3.0597E+01  1.1848E+00  2.9900E-01
   1.3000E+01  1.7000E+04  7.2438E+00  2.9423E+04  0.0000E+00  2.7829E+01  1.1906E+00  2.5595E-01
   1.3000E+01  1.8000E+04  7.2219E+00  3.6742E+04  0.0000E+00  2.5404E+01  1.2021E+00  2.2067E-01
   1.3000E+01  1.9000E+04  6.2964E+00  4.3560E+04  0.0000E+00  2.3543E+01  1.2201E+00  1.9374E-01
   1.4000E+01  1.0000E+03  5.2033E-01  3.6520E+02  0.0000E+00  3.9948E+01  1.6667E+00  6.7265E+00
   1.4000E+01  2.0000E+03  5.2033E-01  8.8553E+02  0.0000E+00  3.9948E+01  1.6667E+00  3.3632E+00
   1.4000E+01  3.0000E+03  5.2033E-01  1.4059E+03  0.0000E+00  3.9948E+01  1.6667E+00  2.2422E+00
   1.4000E+01  4.0000E+03  5.2033E-01  1.9262E+03  0.0000E+00  3.9948E+01  1.6667E+00  1.6816E+00
   1.4000E+01  5.0000E+03  5.2037E-01  2.4465E+03  0.0000E+00  3.9948E+01  1.6666E+00  1.3453E+00
   1.4000E+01  6.0000E+03  5.2107E-01  2.9671E+03  0.0000E+00  3.9948E+01  1.6653E+00  1.1211E+00
   1.4000E+01  7.0000E+03  5.2632E-01  3.4907E+03  0.0000E+00  3.9945E+01  1.6563E+00  9.6086E-01
   1.4000E+01  8.0000E+03  5.4841E-01  4.0255E+03  0.0000E+00  3.9931E+01  1.6222E+00  8.4045E-01
   1.4000E+01  9.0000E+03  6.1749E-01  4.6030E+03  0.0000E+00  3.9878E+01  1.5394E+00  7.4608E-01
   1.4000E+01  1.0000E+04  7.7599E-01  5.2901E+03  0.0000E+00  3.9728E+01  1.4261E+00  6.6895E-01
   1.4000E+01  1.1000E+04  1.0819E+00  6.2041E+03  0.0000E+00  3.9383E+01  1.3238E+00  6.0285E-01
   1.4000E+01  1.2000E+04  1.6014E+00  7.5252E+03  0.0000E+00  3.8708E+01  1.2544E+00  5.4314E-01
   1.4000E+01  1.3000E+04  2.3954E+00  9.4987E+03  0.0000E+00  3.7558E+01  1.2146E+00  4.8647E-01
   1.4000E+01  1.4000E+04  3.4925E+00  1.2418E+04  0.0000E+00  3.5829E+01  1.1943E+00  4.3093E-01
   1.4000E+01  1.5000E+04  4.8355E+00  1.6568E+04  0.0000E+00  3.3529E+01  1.1859E+00  3.7638E-01
   1.4000E+01  1.6000E+04  6.1954E+00  2.2097E+04  0.0000E+00  3.0836E+01  1.1853E+00  3.2452E-01
   1.4000E+01  1.7000E+04  7.1348E+00  2.8819E+04  0.0000E+00  2.8083E+01  1.1906E+00  2.7816E-01
   1.4000E+01  1.8000E+04  7.2089E+00  3.6073E+04  0.0000E+00  2.5636E+01  1.2015E+00  2.3981E-01
   1.4000E+01  1.9000E+04  6.3788E+00  4.2929E+04  0.0000E+00  2.3730E+01  1.2188E+00  2.1030E-01
   1.5000E+01  1.0000E+03  5.2033E-01  3.6520E+02  0.0000E+00  3.9948E+01  1.6667E+00  7.2069E+00
   1.5000E+01  2.0000E+03  5.2033E-01  8.8553E+02  0.0000E+00  3.9948E+01  1.6667E+00  3.6035E+00
   1.5000E+01  3.0000E+03  5.2033E-01  1.4059E+03  0.0000E+00  3.9948E+01  1.6667E+00  2.4023E+00
   1.5000E+01  4.0000E+03  5.2033E-01  1.9262E+03  0.0000E+00  3.9948E+01  1.6667E+00  1.8017E+00
   1.5000E+01  5.0000E+03  5.2037E-01  2.4465E+03  0.0000E+00  3.9948E+01  1.6666E+00  1.4414E+00
   1.5000E+01  6.0000E+03  5.2105E-01  2.9671E+03  0.0000E+00  3.9948E+01  1.6654E+00  1.2011E+00
   1.5000E+01  7.0000E+03  5.2612E-01  3.4906E+03  0.0000E+00  3.9945E+01  1.6566E+00  1.0295E+00
   1.5000E+01  8.0000E+03  5.4744E-01  4.0249E+03  0.0000E+00  3.9932E+01  1.6237E+00  9.0050E-01
   1.5000E+01  9.0000E+03  6.1422E-01  4.6005E+03  0.0000E+00  3.9881E+01  1.5428E+00  7.9942E-01
   1.5000E+01  1.0000E+04  7.6741E-01  5.2820E+03  0.0000E+00  3.9736E+01  1.4307E+00  7.1686E-01
   1.5000E+01  1.1000E+04  1.0630E+00  6.1827E+03  0.0000E+00  3.9402E+01  1.3282E+00  6.4622E-01
   1.5000E+01  1.2000E+04  1.5653E+00  7.4770E+03  0.0000E+00  3.8749E+01  1.2578E+00  5.8255E-01
   1.5000E+01  1.3000E+04  2.3334E+00  9.4021E+03  0.0000E+00  3.7634E+01  1.2169E+00  5.2227E-01
   1.5000E+01  1.4000E+04  3.3971E+00  1.2243E+04  0.0000E+00  3.5953E+01  1.1959E+00  4.6331E-01
   1.5000E+01  1.5000E+04  4.7070E+00  1.6280E+04  0.0000E+00  3.3707E+01  1.1869E+00  4.0540E-01
   1.5000E+01  1.6000E+04  6.0543E+00  2.1672E+04  0.0000E+00  3.1057E+01  1.1858E+00  3.5018E-01
   1.5000E+01  1.7000E+04  7.0282E+00  2.8265E+04  0.0000E+00  2.8320E+01  1.1907E+00  3.0053E-01
   1.5000E+01  1.8000E+04  7.1868E+00  3.5452E+04  0.0000E+00  2.5856E+01  1.2011E+00  2.5914E-01
   1.5000E+01  1.9000E+04  6.4466E+00  4.2333E+04  0.0000E+00  2.3910E+01  1.2177E+00  2.2703E-01
   1.6000E+01  1.0000E+03  5.2033E-01  3.6520E+02  0.0000E+00  3.9948E+01  1.6667E+00  7.6874E+00
   1.6000E+01  2.0000E+03  5.2033E-01  8.8553E+02  0.0000E+00  3.9948E+01  1.6667E+00  3.8437E+00
   1.6000E+01  3.0000E+03  5.2033E-01  1.4059E+03  0.0000E+00  3.9948E+01  1.6667E+00  2.5625E+00
   1.6000E+01  4.0000E+03  5.2033E-01  1.9262E+03  0.0000E+00  3.9948E+01  1.6667E+00  1.9218E+00
   1.6000E+01  5.0000E+03  5.2037E-01  2.4465E+03  0.0000E+00  3.9948E+01  1.6666E+00  1.5375E+00
   1.6000E+01  6.0000E+03  5.2102E-01  2.9671E+03  0.0000E+00  3.9948E+01  1.6654E+00  1.2812E+00
   1.6000E+01  7.0000E+03  5.2593E-01  3.4905E+03  0.0000E+00  3.9945E+01  1.6569E+00  1.0981E+00
   1.6000E+01  8.0000E+03  5.4656E-01  4.0244E+03  0.0000E+00  3.9932E+01  1.6250E+00  9.6054E-01
   1.6000E+01  9.0000E+03  6.1127E-01  4.5982E+03  0.0000E+00  3.9883E+01  1.5459E+00  8.5276E-01
   1.6000E+01  1.0000E+04  7.5965E-01  5.2746E+03  0.0000E+00  3.9742E+01  1.4351E+00  7.6478E-01
   1.6000E+01  1.1000E+04  1.0460E+00  6.1634E+03  0.0000E+00  3.9419E+01  1.3324E+00  6.8960E-01
   1.6000E+01  1.2000E+04  1.5325E+00  7.4334E+03  0.0000E+00  3.8786E+01  1.2610E+00  6.2198E-01
   1.6000E+01  1.3000E+04  2.2772E+00  9.3148E+03  0.0000E+00  3.7704E+01  1.2192E+00  5.5811E-01
   1.6000E+01  1.4000E+04  3.3105E+00  1.2085E+04  0.0000E+00  3.6067E+01  1.1974E+00  4.9575E-01
   1.6000E+01  1.5000E+04  4.5896E+00  1.6019E+04  0.0000E+00  3.3869E+01  1.1879E+00  4.3451E-01
   1.6000E+01  1.6000E+04  5.9230E+00  2.1284E+04  0.0000E+00  3.1260E+01  1.1863E+00  3.7597E-01
   1.6000E+01  1.7000E+04  6.9246E+00  2.7756E+04  0.0000E+00  2.8541E+01  1.1907E+00  3.2307E-01
   1.6000E+01  1.8000E+04  7.1579E+00  3.4874E+04  0.0000E+00  2.6064E+01  1.2007E+00  2.7865E-01
   1.6000E+01  1.9000E+04  6.5020E+00  4.1769E+04  0.0000E+00  2.4083E+01  1.2166E+00  2.4391E-01
   1.7000E+01  1.0000E+03  5.2033E-01  3.6520E+02  0.0000E+00  3.9948E+01  1.6667E+00  8.1678E+00
   1.7000E+01  2.0000E+03  5.2033E-01  8.8553E+02  0.0000E+00  3.9948E+01  1.6667E+00  4.0839E+00
   1.7000E+01  3.0000E+03  5.2033E-01  1.4059E+03  0.0000E+00  3.9948E+01  1.6667E+00  2.7226E+00
   1.7000E+01  4.0000E+03  5.2033E-01  1.9262E+03  0.0000E+00  3.9948E+01  1.6667E+00  2.0420E+00
   1.7000E+01  5.0000E+03  5.2037E-01  2.4465E+03  0.0000E+00  3.9948E+01  1.6666E+00  1.6336E+00
   1.7000E+01  6.0000E+03  5.2100E-01  2.9671E+03  0.0000E+00  3.9948E+01  1.6655E+00  1.3613E+00
   1.7000E+01  7.0000E+03  5.2576E-01  3.4905E+03  0.0000E+00  3.9945E+01  1.6572E+00  1.1668E+00
   1.7000E+01  8.0000E+03  5.4576E-01  4.0239E+03  0.0000E+00  3.9933E+01  1.6261E+00  1.0206E+00
   1.7000E+01  9.0000E+03  6.0858E-01  4.5961E+03  0.0000E+00  3.9885E+01  1.5487E+00  9.0610E-01
   1.7000E+01  1.0000E+04  7.5258E-01  5.2679E+03  0.0000E+00  3.9748E+01  1.4391E+00  8.1270E-01
   1.7000E+01  1.1000E+04  1.0304E+00  6.1458E+03  0.0000E+00  3.9435E+01  1.3364E+00  7.3299E-01
   1.7000E+01  1.2000E+04  1.5027E+00  7.3936E+03  0.0000E+00  3.8820E+01  1.2641E+00  6.6143E-01
   1.7000E+01  1.3000E+04  2.2260E+00  9.2352E+03  0.0000E+00  3.7767E+01  1.2214E+00  5.9399E-01
   1.7000E+01  1.4000E+04  3.2314E+00  1.1940E+04  0.0000E+00  3.6170E+01  1.1988E+00  5.2825E-01
   1.7000E+01  1.5000E+04  4.4817E+00  1.5781E+04  0.0000E+00  3.4019E+01  1.1888E+00  4.6371E-01
   1.7000E+01  1.6000E+04  5.8005E+00  2.0929E+04  0.0000E+00  3.1449E+01  1.1868E+00  4.0189E-01
   1.7000E+01  1.7000E+04  6.8243E+00  2.7285E+04  0.0000E+00  2.8748E+01  1.1909E+00  3.4576E-01
   1.7000E+01  1.8000E+04  7.1236E+00  3.4333E+04  0.0000E+00  2.6262E+01  1.2004E+00  2.9831E-01
   1.7000E+01  1.9000E+04  6.5469E+00  4.1234E+04  0.0000E+00  2.4249E+01  1.2157E+00  2.6094E-01
   1.8000E+01  1.0000E+03  5.2033E-01  3.6520E+02  0.0000E+00  3.9948E+01  1.6667E+00  8.6483E+00
   1.8000E+01  2.0000E+03  5.2033E-01  8.8553E+02  0.0000E+00  3.9948E+01  1.6667E+00  4.3242E+00
   1.8000E+01  3.0000E+03  5.2033E-01  1.4059E+03  0.0000E+00  3.9948E+01  1.6667E+00  2.8828E+00
   1.8000E+01  4.0000E+03  5.2033E-01  1.9262E+03  0.0000E+00  3.9948E+01  1.6667E+00  2.1621E+00
   1.8000E+01  5.0000E+03  5.2037E-01  2.4465E+03  0.0000E+00  3.9948E+01  1.6666E+00  1.7297E+00
   1.8000E+01  6.0000E+03  5.2098E-01  2.9671E+03  0.0000E+00  3.9948E+01  1.6655E+00  1.4414E+00
   1.8000E+01  7.0000E+03  5.2561E-01  3.4904E+03  0.0000E+00  3.9946E+01  1.6575E+00  1.2354E+00
   1.8000E+01  8.0000E+03  5.4502E-01  4.0234E+03  0.0000E+00  3.9933E+01  1.6272E+00  1.0806E+00
   1.8000E+01  9.0000E+03  6.0612E-01  4.5942E+03  0.0000E+00  3.9886E+01  1.5513E+00  9.5944E-01
   1.8000E+01  1.0000E+04  7.4611E-01  5.2618E+03  0.0000E+00  3.9754E+01  1.4430E+00  8.6063E-01
   1.8000E+01  1.1000E+04  1.0162E+00  6.1297E+03  0.0000E+00  3.9449E+01  1.3402E+00  7.7639E-01
   1.8000E+01  1.2000E+04  1.4754E+00  7.3573E+03  0.0000E+00  3.8850E+01  1.2671E+00  7.0089E-01
   1.8000E+01  1.3000E+04  2.1791E+00  9.1623E+03  0.0000E+00  3.7825E+01  1.2235E+00  6.2989E-01
   1.8000E+01  1.4000E+04  3.1588E+00  1.1808E+04  0.0000E+00  3.6266E+01  1.2002E+00  5.6080E-01
   1.8000E+01  1.5000E+04  4.3820E+00  1.5563E+04  0.0000E+00  3.4158E+01  1.1897E+00  4.9298E-01
   1.8000E+01  1.6000E+04  5.6860E+00  2.0601E+04  0.0000E+00  3.1626E+01  1.1873E+00  4.2791E-01
   1.8000E+01  1.7000E+04  6.7273E+00  2.6848E+04  0.0000E+00  2.8943E+01  1.1910E+00  3.6858E-01
   1.8000E+01  1.8000E+04  7.0854E+00  3.3825E+04  0.0000E+00  2.6450E+01  1.2001E+00  3.1812E-01
   1.8000E+01  1.9000E+04  6.5826E+00  4.0726E+04  0.0000E+00  2.4408E+01  1.2149E+00  2.7811E-01
   1.9000E+01  1.0000E+03  5.2033E-01  3.6520E+02  0.0000E+00  3.9948E+01  1.6667E+00  9.1288E+00
   1.9000E+01  2.0000E+03  5.2033E-01  8.8553E+02  0.0000E+00  3.9948E+01  1.6667E+00  4.5644E+00
   1.9000E+01  3.0000E+03  5.2033E-01  1.4059E+03  0.0000E+00  3.9948E+01  1.6667E+00  3.0429E+00
   1.9000E+01  4.0000E+03  5.2033E-01  1.9262E+03  0.0000E+00  3.9948E+01  1.6667E+00  2.2822E+00
   1.9000E+01  5.0000E+03  5.2037E-01  2.4465E+03  0.0000E+00  3.9948E+01  1.6666E+00  1.8258E+00
   1.9000E+01  6.0000E+03  5.2097E-01  2.9671E+03  0.0000E+00  3.9948E+01  1.6655E+00  1.5215E+00
   1.9000E+01  7.0000E+03  5.2547E-01  3.4903E+03  0.0000E+00  3.9946E+01  1.6577E+00  1.3040E+00
   1.9000E+01  8.0000E+03  5.4435E-01  4.0230E+03  0.0000E+00  3.9934E+01  1.6282E+00  1.1407E+00
   1.9000E+01  9.0000E+03  6.0385E-01  4.5924E+03  0.0000E+00  3.9888E+01  1.5537E+00  1.0128E+00
   1.9000E+01  1.0000E+04  7.4016E-01  5.2561E+03  0.0000E+00  3.9759E+01  1.4465E+00  9.0856E-01
   1.9000E+01  1.1000E+04  1.0031E+00  6.1149E+03  0.0000E+00  3.9462E+01  1.3437E+00  8.1979E-01
   1.9000E+01  1.2000E+04  1.4503E+00  7.3239E+03  0.0000E+00  3.8879E+01  1.2699E+00  7.4037E-01
   1.9000E+01  1.3000E+04  2.1360E+00  9.0953E+03  0.0000E+00  3.7878E+01  1.2255E+00  6.6583E-01
   1.9000E+01  1.4000E+04  3.0918E+00  1.1686E+04  0.0000E+00  3.6355E+01  1.2016E+00  5.9340E-01
   1.9000E+01  1.5000E+04  4.2897E+00  1.5361E+04  0.0000E+00  3.4287E+01  1.1905E+00  5.2234E-01
   1.9000E+01  1.6000E+04  5.5785E+00  2.0298E+04  0.0000E+00  3.1790E+01  1.1878E+00  4.5404E-01
   1.9000E+01  1.7000E+04  6.6338E+00  2.6441E+04  0.0000E+00  2.9127E+01  1.1911E+00  3.9153E-01
   1.9000E+01  1.8000E+04  7.0440E+00  3.3348E+04  0.0000E+00  2.6629E+01  1.1998E+00  3.3807E-01
   1.9000E+01  1.9000E+04  6.6106E+00  4.0243E+04  0.0000E+00  2.4562E+01  1.2142E+00  2.9542E-01
   2.0000E+01  1.0000E+03  5.2033E-01  3.6520E+02  0.0000E+00  3.9948E+01  1.6667E+00  9.6092E+00
   2.0000E+01  2.0000E+03  5.2033E-01  8.8553E+02  0.0000E+00  3.9948E+01  1.6667E+00  4.8046E+00
   2.0000E+01  3.0000E+03  5.2033E-01  1.4059E+03  0.0000E+00  3.9948E+01  1.6667E+00  3.2031E+00
   2.0000E+01  4.0000E+03  5.2033E-01  1.9262E+03  0.0000E+00  3.9948E+01  1.6667E+00  2.4023E+00
   2.0000E+01  5.0000E+03  5.2037E-01  2.4465E+03  0.0000E+00  3.9948E+01  1.6666E+00  1.9218E+00
   2.0000E+01  6.0000E+03  5.2050E-01  2.9669E+03  0.0000E+00  3.9948E+01  1.6664E+00  1.6015E+00
   2.0000E+01  7.0000E+03  5.2534E-01  3.4903E+03  0.0000E+00  3.9946E+01  1.6579E+00  1.3727E+00
   2.0000E+01  8.0000E+03  5.4373E-01  4.0226E+03  0.0000E+00  3.9934E+01  1.6292E+00  1.2007E+00
   2.0000E+01  9.0000E+03  6.0176E-01  4.5908E+03  0.0000E+00  3.9890E+01  1.5560E+00  1.0661E+00
   2.0000E+01  1.0000E+04  7.3466E-01  5.2509E+03  0.0000E+00  3.9764E+01  1.4499E+00  9.5650E-01
   2.0000E+01  1.1000E+04  9.9106E-01  6.1012E+03  0.0000E+00  3.9474E+01  1.3471E+00  8.6321E-01
   2.0000E+01  1.2000E+04  1.4271E+00  7.2929E+03  0.0000E+00  3.8905E+01  1.2726E+00  7.7987E-01
   2.0000E+01  1.3000E+04  2.0960E+00  9.0333E+03  0.0000E+00  3.7928E+01  1.2274E+00  7.0179E-01
   2.0000E+01  1.4000E+04  3.0298E+00  1.1574E+04  0.0000E+00  3.6437E+01  1.2029E+00  6.2604E-01
   2.0000E+01  1.5000E+04  4.2038E+00  1.5174E+04  0.0000E+00  3.4407E+01  1.1914E+00  5.5175E-01
   2.0000E+01  1.6000E+04  5.4776E+00  2.0017E+04  0.0000E+00  3.1945E+01  1.1883E+00  4.8026E-01
   2.0000E+01  1.7000E+04  6.5436E+00  2.6062E+04  0.0000E+00  2.9301E+01  1.1913E+00  4.1460E-01
   2.0000E+01  1.8000E+04  7.0005E+00  3.2899E+04  0.0000E+00  2.6800E+01  1.1996E+00  3.5815E-01
   2.0000E+01  1.9000E+04  6.6318E+00  3.9782E+04  0.0000E+00  2.4711E+01  1.2136E+00  3.1285E-01
   2.5000E+01  1.0000E+03  5.2033E-01  3.6520E+02  0.0000E+00  3.9948E+01  1.6667E+00  1.2012E+01
   2.5000E+01  2.0000E+03  5.2033E-01  8.8553E+02  0.0000E+00  3.9948E+01  1.6667E+00  6.0058E+00
   2.5000E+01  3.0000E+03  5.2033E-01  1.4059E+03  0.0000E+00  3.9948E+01  1.6667E+00  4.0038E+00
   2.5000E+01  4.0000E+03  5.2033E-01  1.9262E+03  0.0000E+00  3.9948E+01  1.6667E+00  3.0029E+00
   2.5000E+01  5.0000E+03  5.2036E-01  2.4465E+03  0.0000E+00  3.9948E+01  1.6666E+00  2.4023E+00
   2.5000E+01  6.0000E+03  5.2049E-01  2.9669E+03  0.0000E+00  3.9948E+01  1.6664E+00  2.0019E+00
   2.5000E+01  7.0000E+03  5.2481E-01  3.4900E+03  0.0000E+00  3.9946E+01  1.6589E+00  1.7158E+00
   2.5000E+01  8.0000E+03  5.4120E-01  4.0210E+03  0.0000E+00  3.9935E+01  1.6330E+00  1.5010E+00
   2.5000E+01  9.0000E+03  5.9326E-01  4.5842E+03  0.0000E+00  3.9896E+01  1.5655E+00  1.3329E+00
   2.5000E+01  1.0000E+04  7.1231E-01  5.2297E+03  0.0000E+00  3.9783E+01  1.4643E+00  1.1962E+00
   2.5000E+01  1.1000E+04  9.4193E-01  6.0456E+03  0.0000E+00  3.9524E+01  1.3621E+00  1.0804E+00
   2.5000E+01  1.2000E+04  1.3328E+00  7.1673E+03  0.0000E+00  3.9013E+01  1.2848E+00  9.7753E-01
   2.5000E+01  1.3000E+04  1.9335E+00  8.7813E+03  0.0000E+00  3.8131E+01  1.2362E+00  8.8194E-01
   2.5000E+01  1.4000E+04  2.7763E+00  1.1116E+04  0.0000E+00  3.6775E+01  1.2089E+00  7.8983E-01
   2.5000E+01  1.5000E+04  3.8494E+00  1.4412E+04  0.0000E+00  3.4907E+01  1.1953E+00  6.9971E-01
   2.5000E+01  1.6000E+04  5.0508E+00  1.8859E+04  0.0000E+00  3.2598E+01  1.1905E+00  6.1259E-01
   2.5000E+01  1.7000E+04  6.1402E+00  2.4477E+04  0.0000E+00  3.0050E+01  1.1921E+00  5.3150E-01
   2.5000E+01  1.8000E+04  6.7665E+00  3.0984E+04  0.0000E+00  2.7555E+01  1.1990E+00  4.6029E-01
   2.5000E+01  1.9000E+04  6.6640E+00  3.7763E+04  0.0000E+00  2.5384E+01  1.2112E+00  4.0171E-01

