elements
Ar
end

species
Ar Ar+
end

thermo nasa9                                                                          
   200.000  1000.000  6000.000 20000.000   9/09/04
e-                Ref-Species. Chase,1998 3/82.                                 
 3 g12/98 E   1.00    0.00    0.00    0.00    0.00 0.000548579903          0.000
    298.150   1000.0007 -2.0 -1.0  0.0  1.0  2.0  3.0  4.0  0.0         6197.428
 0.000000000D+00 0.000000000D+00 2.500000000D+00 0.000000000D+00 0.000000000D+00
 0.000000000D+00 0.000000000D+00                -7.453750000D+02-1.172081224D+01
   1000.000   6000.0007 -2.0 -1.0  0.0  1.0  2.0  3.0  4.0  0.0         6197.428
 0.000000000D+00 0.000000000D+00 2.500000000D+00 0.000000000D+00 0.000000000D+00
 0.000000000D+00 0.000000000D+00                -7.453750000D+02-1.172081224D+01
   6000.000  20000.0007 -2.0 -1.0  0.0  1.0  2.0  3.0  4.0  0.0         6197.428
 0.000000000D+00 0.000000000D+00 2.500000000D+00 0.000000000D+00 0.000000000D+00
 0.000000000D+00 0.000000000D+00                -7.453750000D+02-1.172081224D+01
Ar                Ref-Elm. Moore,1971. Gordon,1999.                             
 3 g 3/98 AR  1.00    0.00    0.00    0.00    0.00 0   39.9480000          0.000
    200.000   1000.0007 -2.0 -1.0  0.0  1.0  2.0  3.0  4.0  0.0         6197.428
 0.000000000D+00 0.000000000D+00 2.500000000D+00 0.000000000D+00 0.000000000D+00
 0.000000000D+00 0.000000000D+00                -7.453750000D+02 4.379674910D+00
   1000.000   6000.0007 -2.0 -1.0  0.0  1.0  2.0  3.0  4.0  0.0         6197.428
 2.010538475D+01-5.992661070D-02 2.500069401D+00-3.992141160D-08 1.205272140D-11
-1.819015576D-15 1.078576636D-19                -7.449939610D+02 4.379180110D+00
   6000.000  20000.0007 -2.0 -1.0  0.0  1.0  2.0  3.0  4.0  0.0         6197.428
-9.951265080D+08 6.458887260D+05-1.675894697D+02 2.319933363D-02-1.721080911D-06
 6.531938460D-11-9.740147729D-16                -5.078300340D+06 1.465298484D+03
Ar+               Moore,1971. IP:Moore,1970a. Gordon,1999.                      
 3 g 1/99 AR  1.00E  -1.00    0.00    0.00    0.00 0   39.9474514    1526778.407
    298.150   1000.0007 -2.0 -1.0  0.0  1.0  2.0  3.0  4.0  0.0         6205.988
-5.731209170D+04 7.930791470D+02-1.717121217D+00 1.044184018D-02-1.180207501D-05
 6.528134780D-09-1.447558130D-12                 1.790572230D+05 2.949150950D+01
   1000.000   6000.0007 -2.0 -1.0  0.0  1.0  2.0  3.0  4.0  0.0         6205.988
-3.835965400D+05 8.162019700D+02 2.301342628D+00-4.952983770D-06 1.205108477D-08
-2.185050286D-12 1.265493898D-16                 1.771811455D+05 7.947507480D+00
   6000.000  20000.0007 -2.0 -1.0  0.0  1.0  2.0  3.0  4.0  0.0         6205.988
 1.006884827D+07-6.624361280D+03 4.446908200D+00-3.017567664D-04 2.612882069D-08
-1.201637769D-12 2.299206903D-17                 2.349504137D+05-1.032262257D+01
END